depth	min	max	median	mean
0	-53	-41	-47	-47
1	-48	-20	-38	-37
2	-46	6	-30	-27
3	-45	32	-21	-17
4	-43	58	-13	-7
5	-42	84	-4	3
6	-41	110	4	13
7	-40	136	13	23
8	-39	162	21	33
9	-37	189	30	43
10	-36	215	38	53
11	-20	222	51	65
12	-10	229	63	77
13	-1	237	76	89
14	6	246	90	101
15	13	258	102	113
16	18	271	114	125
17	22	287	126	136
18	27	306	139	148
19	31	326	151	160
20	35	350	163	172
21	51	355	175	184
22	65	361	189	196
23	75	369	202	208
24	85	375	216	220
25	93	381	230	232
26	99	390	243	243
27	106	399	256	255
28	113	410	269	267
29	119	423	282	279
30	125	440	293	291
31	147	442	305	302
32	168	445	316	314
33	188	448	328	326
34	206	452	341	337
35	220	456	355	349
36	234	459	369	361
37	244	464	383	372
38	253	470	397	384
39	260	477	410	395
40	269	487	423	407
41	303	494	443	425
42	330	504	463	444
43	343	532	479	462
44	351	571	493	480
45	357	615	505	499
46	363	660	517	517
47	368	707	531	535
48	373	755	546	554
49	378	801	561	572
50	384	850	575	590
51	410	862	596	611
52	432	876	618	631
53	450	890	639	651
54	466	904	663	671
55	482	921	687	691
56	492	940	710	712
57	504	960	731	732
58	513	990	753	752
59	519	1023	774	772
60	526	1061	794	792
61	554	1069	812	811
62	582	1076	829	829
63	605	1086	848	847
64	622	1097	869	865
65	638	1111	889	884
66	654	1124	909	902
67	664	1139	930	920
68	674	1156	948	938
69	685	1178	968	956
70	696	1203	986	975
71	740	1207	1004	995
72	784	1211	1023	1015
73	827	1215	1041	1036
74	869	1220	1059	1056
75	907	1225	1078	1076
76	945	1230	1098	1097
77	981	1237	1118	1117
78	1015	1245	1139	1137
79	1044	1255	1158	1158
80	1067	1271	1178	1178
81	1093	1309	1218	1213
82	1110	1363	1252	1247
83	1126	1422	1284	1282
84	1139	1481	1317	1316
85	1149	1546	1350	1351
86	1159	1615	1382	1385
87	1170	1684	1413	1419
88	1176	1757	1445	1454
89	1183	1828	1477	1488
90	1190	1899	1510	1523
91	1245	1907	1544	1556
92	1297	1916	1578	1588
93	1344	1926	1613	1621
94	1383	1936	1648	1654
95	1416	1948	1685	1686
96	1448	1962	1724	1719
97	1478	1980	1762	1752
98	1507	1997	1798	1785
99	1530	2027	1833	1817
100	1549	2067	1868	1850
101	1634	2074	1897	1885
102	1714	2085	1928	1920
103	1792	2099	1958	1955
104	1859	2114	1990	1990
105	1900	2138	2025	2025
106	1934	2190	2059	2060
107	1956	2264	2091	2095
108	1969	2335	2122	2130
109	1981	2411	2152	2165
110	1992	2491	2182	2200
111	2021	2514	2209	2227
112	2043	2536	2237	2253
113	2060	2560	2266	2280
114	2073	2594	2295	2307
115	2083	2630	2326	2334
116	2093	2669	2355	2360
117	2102	2714	2381	2387
118	2109	2757	2408	2414
119	2119	2816	2432	2441
120	2126	2868	2457	2468
121	2165	2880	2485	2495
122	2197	2893	2515	2523
123	2225	2906	2546	2551
124	2249	2921	2577	2579
125	2267	2946	2609	2607
126	2286	2965	2642	2635
127	2303	2991	2673	2663
128	2316	3025	2703	2691
129	2327	3058	2732	2719
130	2339	3098	2759	2747
131	2403	3107	2783	2775
132	2465	3117	2809	2802
133	2524	3128	2834	2830
134	2582	3140	2858	2858
135	2641	3155	2883	2886
136	2687	3172	2908	2914
137	2729	3194	2935	2942
138	2762	3217	2963	2969
139	2786	3250	2991	2997
140	2808	3293	3018	3025
141	2848	3327	3059	3067
142	2876	3380	3101	3108
143	2897	3458	3139	3150
144	2911	3556	3176	3191
145	2922	3660	3211	3233
146	2934	3768	3243	3274
147	2942	3877	3276	3316
148	2950	3989	3309	3357
149	2959	4102	3342	3399
150	2967	4219	3373	3440
151	3013	4238	3416	3481
152	3047	4266	3464	3522
153	3071	4294	3512	3563
154	3096	4336	3560	3604
155	3114	4367	3608	3645
156	3135	4412	3656	3685
157	3154	4463	3697	3726
158	3169	4517	3740	3767
159	3184	4590	3780	3808
160	3199	4660	3820	3849
161	3253	4694	3867	3896
162	3292	4728	3915	3944
163	3328	4762	3966	3991
164	3353	4795	4020	4038
165	3380	4848	4068	4085
166	3401	4910	4118	4133
167	3415	4980	4165	4180
168	3433	5066	4211	4227
169	3449	5157	4254	4274
170	3468	5263	4295	4322
171	3526	5283	4337	4364
172	3572	5302	4382	4407
173	3625	5330	4431	4449
174	3663	5359	4478	4492
175	3696	5382	4526	4535
176	3722	5410	4576	4577
177	3749	5445	4625	4620
178	3775	5478	4673	4662
179	3797	5529	4716	4705
180	3817	5576	4760	4747
181	3878	5599	4806	4788
182	3931	5613	4847	4828
183	3970	5632	4891	4868
184	4010	5655	4935	4908
185	4048	5682	4981	4948
186	4079	5709	5025	4988
187	4110	5728	5070	5028
188	4137	5769	5115	5069
189	4161	5808	5160	5109
190	4190	5849	5208	5149
191	4271	5858	5243	5190
192	4356	5870	5282	5232
193	4413	5884	5326	5273
194	4477	5899	5366	5315
195	4525	5917	5409	5356
196	4567	5934	5456	5397
197	4601	5954	5500	5439
198	4643	5978	5542	5480
199	4669	6009	5589	5522
200	4691	6044	5632	5563
201	4827	6053	5668	5607
202	4956	6063	5705	5651
203	5087	6071	5738	5694
204	5212	6080	5773	5738
205	5337	6090	5808	5782
206	5455	6104	5843	5826
207	5566	6115	5877	5869
208	5661	6129	5913	5913
209	5736	6148	5952	5957
210	5777	6179	5992	6000
211	5805	6196	6015	6026
212	5837	6227	6044	6052
213	5868	6265	6074	6078
214	5904	6305	6103	6104
215	5928	6352	6127	6130
216	5940	6402	6151	6156
217	5952	6464	6176	6182
218	5958	6526	6198	6207
219	5967	6591	6219	6233
220	5974	6656	6240	6259
221	6005	6670	6265	6283
222	6031	6683	6289	6307
223	6048	6700	6316	6331
224	6062	6720	6343	6355
225	6074	6745	6369	6379
226	6086	6769	6394	6403
227	6096	6800	6419	6426
228	6106	6833	6442	6450
229	6115	6874	6465	6474
230	6125	6916	6490	6498
231	6162	6927	6512	6522
232	6194	6940	6537	6545
233	6223	6954	6561	6569
234	6251	6967	6586	6593
235	6272	6986	6613	6616
236	6291	7004	6640	6640
237	6308	7025	6666	6663
238	6326	7048	6691	6687
239	6335	7074	6716	6710
240	6347	7104	6740	6734
241	6394	7114	6762	6759
242	6439	7123	6784	6783
243	6481	7135	6807	6808
244	6525	7146	6830	6832
245	6564	7162	6853	6856
246	6601	7176	6879	6881
247	6629	7198	6905	6905
248	6656	7227	6933	6930
249	6679	7255	6957	6954
250	6696	7283	6981	6979
251	6790	7315	7037	7037
252	6878	7348	7093	7095
253	6961	7382	7152	7153
254	7037	7412	7210	7211
255	7100	7442	7269	7269
256	7146	7489	7330	7327
257	7184	7543	7391	7384
258	7218	7603	7453	7442
259	7244	7680	7518	7500
260	7270	7759	7580	7558
261	7295	7779	7599	7580
262	7312	7803	7617	7601
263	7328	7841	7635	7622
264	7343	7885	7653	7644
265	7357	7932	7671	7665
266	7375	7979	7687	7687
267	7387	8032	7704	7708
268	7398	8093	7721	7729
269	7408	8149	7737	7751
270	7419	8203	7753	7772
271	7439	8222	7775	7793
272	7457	8246	7796	7814
273	7474	8260	7818	7834
274	7487	8286	7839	7855
275	7497	8313	7860	7876
276	7508	8345	7879	7896
277	7522	8382	7901	7917
278	7532	8419	7920	7938
279	7538	8456	7939	7959
280	7547	8501	7958	7979
281	7574	8518	7978	8000
282	7599	8534	8000	8021
283	7618	8555	8021	8041
284	7633	8577	8044	8062
285	7646	8602	8064	8083
286	7663	8631	8086	8103
287	7676	8661	8107	8124
288	7686	8698	8126	8145
289	7697	8729	8146	8165
290	7709	8766	8167	8186
291	7732	8778	8189	8207
292	7753	8800	8211	8228
293	7771	8820	8231	8249
294	7787	8843	8252	8269
295	7802	8860	8275	8290
296	7816	8882	8297	8311
297	7828	8910	8318	8332
298	7840	8935	8341	8353
299	7852	8963	8361	8374
300	7865	9002	8382	8394
301	7888	9021	8404	8416
302	7912	9040	8426	8437
303	7934	9057	8448	8459
304	7956	9074	8470	8480
305	7972	9097	8493	8502
306	7987	9123	8514	8524
307	8001	9149	8536	8545
308	8016	9183	8557	8567
309	8030	9205	8578	8588
310	8042	9229	8597	8610
311	8070	9247	8619	8630
312	8096	9264	8641	8651
313	8111	9278	8663	8672
314	8129	9295	8682	8692
315	8149	9323	8705	8713
316	8164	9343	8728	8734
317	8181	9361	8749	8754
318	8197	9381	8769	8775
319	8211	9408	8789	8796
320	8222	9439	8809	8816
321	8256	9450	8830	8838
322	8280	9466	8851	8859
323	8309	9486	8874	8881
324	8329	9500	8898	8902
325	8344	9523	8919	8924
326	8366	9541	8941	8945
327	8382	9563	8964	8966
328	8398	9582	8990	8988
329	8411	9608	9010	9009
330	8426	9632	9031	9031
331	8454	9647	9051	9052
332	8479	9660	9073	9073
333	8511	9681	9095	9094
334	8532	9696	9118	9115
335	8550	9712	9142	9136
336	8569	9729	9164	9157
337	8587	9750	9186	9178
338	8605	9773	9207	9199
339	8622	9801	9229	9220
340	8636	9829	9249	9241
341	8668	9844	9269	9262
342	8695	9852	9287	9283
343	8725	9863	9307	9304
344	8752	9876	9329	9324
345	8774	9892	9350	9345
346	8798	9914	9371	9366
347	8819	9930	9392	9386
348	8838	9950	9415	9407
349	8854	9973	9436	9428
350	8867	9993	9457	9449
351	8910	10008	9475	9470
352	8941	10019	9496	9492
353	8965	10035	9518	9514
354	8995	10053	9541	9535
355	9017	10070	9562	9557
356	9039	10088	9586	9578
357	9061	10106	9607	9600
358	9079	10125	9631	9622
359	9099	10141	9651	9643
360	9119	10167	9673	9665
361	9162	10182	9692	9686
362	9200	10196	9714	9708
363	9238	10211	9734	9729
364	9264	10230	9755	9751
365	9292	10244	9777	9772
366	9319	10260	9798	9794
367	9347	10275	9820	9816
368	9370	10302	9842	9837
369	9388	10328	9866	9859
370	9406	10356	9887	9880
371	9449	10367	9906	9901
372	9494	10378	9925	9921
373	9532	10390	9943	9942
374	9570	10401	9962	9962
375	9602	10417	9982	9983
376	9631	10431	10003	10004
377	9653	10449	10024	10024
378	9681	10464	10045	10045
379	9705	10480	10070	10065
380	9718	10502	10091	10086
381	9754	10546	10129	10123
382	9783	10590	10162	10161
383	9811	10647	10192	10198
384	9829	10711	10223	10235
385	9848	10789	10253	10272
386	9865	10870	10282	10310
387	9881	10965	10312	10347
388	9898	11064	10345	10384
389	9910	11149	10374	10421
390	9922	11245	10407	10459
391	9956	11277	10445	10495
392	9987	11316	10483	10531
393	10013	11345	10524	10567
394	10033	11378	10563	10603
395	10055	11414	10599	10639
396	10075	11458	10636	10675
397	10091	11521	10673	10711
398	10105	11585	10708	10747
399	10121	11658	10743	10783
400	10139	11736	10780	10819
401	10178	11762	10818	10856
402	10211	11794	10855	10892
403	10233	11824	10892	10929
404	10262	11864	10931	10966
405	10287	11897	10966	11002
406	10304	11936	11004	11039
407	10317	11986	11040	11075
408	10333	12049	11080	11112
409	10349	12103	11115	11148
410	10367	12168	11150	11185
411	10410	12192	11189	11223
412	10454	12221	11228	11261
413	10485	12245	11269	11299
414	10520	12282	11311	11337
415	10551	12325	11352	11375
416	10577	12372	11395	11413
417	10599	12408	11431	11451
418	10623	12454	11472	11489
419	10645	12507	11509	11527
420	10663	12561	11547	11565
421	10701	12586	11585	11602
422	10740	12608	11623	11639
423	10772	12638	11661	11676
424	10804	12664	11701	11713
425	10830	12703	11740	11750
426	10857	12744	11779	11787
427	10876	12792	11820	11824
428	10900	12830	11858	11861
429	10925	12883	11896	11898
430	10945	12935	11935	11935
431	10993	12955	11970	11972
432	11046	12978	12008	12010
433	11092	13004	12047	12047
434	11127	13034	12084	12084
435	11165	13059	12120	12122
436	11199	13088	12157	12159
437	11228	13132	12196	12197
438	11261	13178	12239	12234
439	11288	13233	12273	12272
440	11312	13277	12312	12309
441	11375	13296	12352	12347
442	11422	13319	12391	12385
443	11473	13343	12431	12423
444	11518	13367	12470	12461
445	11545	13392	12506	12499
446	11580	13420	12545	12537
447	11613	13453	12585	12575
448	11648	13496	12622	12613
449	11675	13535	12659	12651
450	11693	13591	12698	12689
451	11759	13606	12736	12727
452	11817	13625	12775	12766
453	11871	13644	12816	12804
454	11911	13667	12856	12842
455	11956	13693	12899	12881
456	11996	13716	12942	12919
457	12029	13748	12982	12958
458	12076	13784	13023	12996
459	12106	13825	13062	13035
460	12138	13872	13101	13073
461	12195	13893	13138	13110
462	12257	13909	13173	13146
463	12318	13927	13210	13183
464	12375	13945	13247	13219
465	12418	13971	13286	13256
466	12453	13992	13324	13292
467	12488	14015	13362	13329
468	12521	14045	13397	13365
469	12555	14073	13434	13401
470	12582	14105	13470	13438
471	12623	14113	13492	13461
472	12674	14123	13513	13484
473	12705	14133	13533	13507
474	12736	14147	13556	13530
475	12765	14161	13581	13553
476	12789	14175	13604	13576
477	12820	14189	13627	13599
478	12851	14204	13647	13622
479	12875	14224	13671	13645
480	12897	14242	13692	13668
481	12929	14250	13707	13684
482	12961	14261	13724	13701
483	12992	14271	13741	13717
484	13012	14281	13757	13734
485	13039	14288	13772	13751
486	13063	14298	13787	13767
487	13087	14309	13801	13784
488	13107	14322	13816	13800
489	13124	14337	13833	13817
490	13136	14350	13850	13834
491	13153	14356	13859	13844
492	13170	14361	13871	13855
493	13182	14370	13882	13866
494	13199	14378	13893	13877
495	13213	14385	13903	13888
496	13229	14392	13912	13899
497	13244	14403	13921	13909
498	13262	14411	13930	13920
499	13274	14420	13939	13931
500	13288	14431	13951	13942
501	13291	14435	13957	13947
502	13296	14439	13960	13951
503	13301	14444	13965	13956
504	13305	14448	13968	13961
505	13310	14452	13972	13966
506	13314	14456	13977	13970
507	13320	14462	13981	13975
508	13325	14466	13987	13980
509	13328	14471	13993	13985
510	13331	14477	13998	13989
510.00002	13331	14477	13998	13989
511	13338	14481	14006	13997
512	13346	14487	14015	14005
513	13352	14491	14024	14013
514	13364	14497	14034	14021
515	13376	14503	14042	14029
516	13388	14509	14052	14037
517	13396	14519	14061	14045
518	13404	14529	14071	14053
519	13410	14537	14078	14061
520	13420	14544	14087	14069
521	13431	14549	14096	14077
522	13446	14554	14104	14085
523	13458	14561	14112	14093
524	13471	14568	14121	14101
525	13482	14575	14129	14109
526	13493	14585	14138	14117
527	13504	14595	14146	14125
528	13513	14605	14154	14133
529	13522	14617	14162	14141
530	13531	14626	14170	14149
531	13547	14632	14177	14157
532	13560	14637	14185	14165
533	13570	14641	14192	14173
534	13582	14648	14200	14181
535	13590	14655	14208	14189
536	13599	14661	14214	14197
537	13607	14668	14222	14205
538	13614	14675	14231	14213
539	13622	14682	14240	14221
540	13628	14690	14249	14229
541	13644	14696	14256	14237
542	13656	14702	14264	14245
543	13670	14712	14272	14252
544	13683	14718	14280	14260
545	13695	14725	14288	14268
546	13709	14735	14295	14276
547	13719	14741	14304	14284
548	13726	14748	14312	14292
549	13734	14755	14321	14300
550	13742	14760	14330	14308
551	13757	14766	14336	14316
552	13769	14772	14344	14324
553	13785	14778	14351	14332
554	13790	14783	14359	14340
555	13801	14786	14366	14347
556	13818	14796	14373	14355
557	13829	14804	14381	14363
558	13836	14812	14388	14371
559	13844	14819	14395	14379
560	13858	14828	14403	14387
561	13868	14832	14411	14395
562	13883	14836	14418	14403
563	13892	14840	14425	14410
564	13903	14848	14431	14418
565	13909	14854	14439	14426
566	13918	14860	14447	14434
567	13929	14865	14455	14442
568	13938	14871	14462	14450
569	13947	14879	14470	14458
570	13956	14889	14477	14466
571	13964	14893	14484	14473
572	13979	14898	14491	14481
573	13990	14905	14498	14489
574	14002	14911	14505	14497
575	14013	14917	14513	14505
576	14023	14920	14521	14513
577	14036	14928	14528	14521
578	14045	14933	14536	14529
579	14055	14942	14543	14536
580	14065	14950	14552	14544
581	14077	14955	14559	14552
582	14091	14959	14566	14560
583	14105	14967	14572	14568
584	14117	14973	14580	14576
585	14126	14978	14587	14584
586	14135	14984	14595	14592
587	14147	14991	14604	14600
588	14158	14998	14611	14608
589	14170	15005	14619	14616
590	14181	15013	14627	14624
591	14191	15017	14635	14632
592	14203	15026	14641	14640
593	14212	15034	14649	14648
594	14222	15043	14657	14655
595	14231	15050	14666	14663
596	14241	15057	14673	14671
597	14249	15065	14680	14679
598	14257	15069	14688	14687
599	14266	15077	14696	14695
600	14273	15084	14704	14703
601	14282	15089	14712	14710
602	14294	15096	14720	14718
603	14302	15103	14727	14726
604	14308	15110	14736	14734
605	14315	15121	14744	14741
606	14322	15129	14752	14749
607	14330	15136	14760	14757
608	14337	15144	14768	14765
609	14343	15153	14776	14773
610	14348	15163	14784	14780
611	14360	15170	14790	14788
612	14370	15177	14798	14796
613	14378	15184	14807	14804
614	14386	15191	14815	14811
615	14394	15197	14824	14819
616	14401	15206	14834	14827
617	14407	15215	14843	14835
618	14414	15226	14851	14842
619	14422	15235	14858	14850
620	14429	15243	14866	14858
621	14436	15248	14874	14866
622	14446	15256	14881	14874
623	14455	15263	14888	14881
624	14463	15271	14896	14889
625	14470	15279	14904	14897
626	14477	15286	14911	14905
627	14485	15293	14921	14912
628	14492	15301	14929	14920
629	14498	15309	14937	14928
630	14503	15320	14945	14936
631	14511	15324	14953	14943
632	14521	15331	14960	14951
633	14534	15339	14968	14959
634	14541	15347	14975	14967
635	14550	15355	14982	14974
636	14557	15364	14990	14982
637	14560	15372	14998	14990
638	14568	15382	15006	14997
639	14575	15392	15013	15005
640	14581	15401	15022	15013
641	14592	15406	15028	15020
642	14603	15411	15035	15028
643	14613	15416	15043	15036
644	14619	15423	15051	15044
645	14629	15429	15059	15051
646	14637	15437	15068	15059
647	14643	15444	15075	15067
648	14652	15450	15083	15074
649	14660	15460	15091	15082
650	14667	15468	15099	15090
651	14679	15474	15107	15097
652	14689	15483	15114	15105
653	14700	15490	15122	15113
654	14709	15499	15131	15121
655	14720	15506	15139	15129
656	14730	15513	15147	15137
657	14736	15520	15154	15145
658	14741	15529	15162	15153
659	14749	15536	15170	15161
660	14755	15546	15178	15169
661	14765	15552	15185	15176
662	14780	15556	15192	15184
663	14791	15563	15200	15191
664	14800	15568	15207	15199
665	14806	15576	15214	15206
666	14816	15581	15222	15214
667	14822	15587	15230	15221
668	14831	15595	15237	15229
669	14836	15605	15244	15236
670	14842	15613	15252	15244
671	14856	15620	15259	15252
672	14865	15626	15267	15259
673	14874	15633	15275	15267
674	14882	15638	15282	15275
675	14890	15645	15290	15283
676	14900	15653	15298	15291
677	14906	15660	15305	15298
678	14915	15669	15313	15306
679	14924	15675	15320	15314
680	14930	15686	15327	15322
681	14939	15691	15334	15329
682	14950	15696	15341	15337
683	14961	15704	15350	15344
684	14972	15711	15357	15352
685	14981	15718	15365	15359
686	14990	15723	15374	15367
687	14999	15731	15381	15375
688	15006	15742	15389	15382
689	15013	15750	15397	15390
690	15021	15760	15403	15397
691	15030	15763	15412	15405
692	15042	15768	15419	15413
693	15053	15773	15427	15421
694	15063	15777	15434	15428
695	15075	15784	15441	15436
696	15086	15790	15449	15444
697	15099	15798	15457	15452
698	15105	15808	15464	15460
699	15110	15815	15472	15467
700	15115	15825	15480	15475
701	15131	15829	15489	15483
702	15142	15836	15497	15491
703	15151	15842	15504	15499
704	15161	15851	15512	15507
705	15172	15858	15520	15514
706	15182	15864	15528	15522
707	15192	15870	15537	15530
708	15201	15876	15545	15538
709	15207	15882	15553	15546
710	15212	15890	15561	15554
711	15223	15896	15568	15561
712	15235	15903	15577	15569
713	15246	15907	15585	15577
714	15253	15914	15592	15585
715	15262	15921	15599	15592
716	15267	15931	15606	15600
717	15273	15941	15614	15608
718	15279	15949	15620	15616
719	15286	15958	15628	15623
720	15291	15966	15636	15631
721	15300	15974	15644	15639
722	15306	15981	15653	15647
723	15313	15989	15660	15655
724	15321	16001	15667	15663
725	15327	16010	15675	15671
726	15332	16022	15683	15679
727	15337	16033	15690	15687
728	15342	16045	15698	15695
729	15345	16059	15706	15703
730	15351	16070	15712	15711
731	15360	16076	15720	15719
732	15368	16083	15728	15727
733	15377	16092	15736	15735
734	15385	16099	15744	15743
735	15391	16112	15752	15751
736	15398	16124	15760	15759
737	15404	16137	15768	15767
738	15408	16146	15776	15774
739	15411	16155	15785	15782
740	15413	16166	15793	15790
741	15421	16176	15802	15798
742	15429	16182	15810	15806
743	15438	16188	15818	15814
744	15446	16196	15825	15822
745	15453	16207	15833	15830
746	15459	16216	15840	15838
747	15462	16231	15849	15845
748	15469	16242	15856	15853
749	15473	16251	15864	15861
750	15478	16264	15871	15869
751	15488	16271	15879	15877
752	15497	16277	15887	15885
753	15506	16285	15896	15893
754	15514	16294	15903	15901
755	15522	16301	15911	15909
756	15528	16311	15919	15917
757	15533	16320	15927	15925
758	15538	16331	15935	15933
759	15541	16341	15943	15941
760	15546	16352	15952	15949
761	15557	16363	15959	15957
762	15566	16368	15967	15965
763	15576	16377	15975	15973
764	15581	16387	15982	15981
765	15589	16399	15990	15989
766	15594	16410	15998	15997
767	15599	16419	16007	16005
768	15605	16429	16016	16013
769	15613	16440	16024	16020
770	15618	16450	16032	16028
771	15629	16460	16039	16036
772	15636	16467	16046	16044
773	15644	16472	16054	16052
774	15648	16480	16062	16060
775	15654	16486	16069	16068
776	15660	16493	16077	16075
777	15667	16506	16084	16083
778	15673	16513	16093	16091
779	15680	16521	16101	16099
780	15687	16533	16109	16107
781	15694	16541	16118	16115
782	15701	16548	16125	16122
783	15706	16556	16133	16130
784	15714	16563	16142	16138
785	15720	16571	16150	16146
786	15728	16579	16157	16153
787	15735	16589	16165	16161
788	15741	16596	16172	16169
789	15747	16612	16180	16177
790	15751	16623	16187	16185
791	15760	16631	16194	16192
792	15767	16638	16201	16200
793	15774	16647	16210	16208
794	15783	16655	16219	16216
795	15790	16666	16225	16224
796	15797	16677	16233	16232
797	15801	16687	16241	16240
798	15806	16696	16249	16248
799	15812	16706	16257	16256
800	15818	16718	16264	16264
801	15823	16727	16272	16272
802	15829	16735	16280	16280
803	15836	16744	16289	16288
804	15844	16751	16296	16295
805	15850	16760	16304	16303
806	15856	16770	16311	16311
807	15859	16782	16319	16319
808	15863	16789	16326	16327
809	15867	16799	16334	16335
810	15873	16813	16342	16342
811	15877	16819	16350	16350
812	15888	16827	16357	16358
813	15899	16832	16366	16366
814	15904	16841	16374	16374
815	15911	16850	16382	16381
816	15920	16856	16390	16389
817	15927	16868	16398	16397
818	15935	16877	16407	16405
819	15941	16887	16414	16412
820	15944	16896	16422	16420
821	15952	16905	16430	16428
822	15961	16915	16438	16436
823	15967	16921	16447	16444
824	15974	16928	16457	16452
825	15983	16938	16466	16460
826	15990	16945	16474	16468
827	15996	16955	16482	16476
828	16000	16967	16491	16484
829	16008	16975	16499	16492
830	16018	16983	16506	16500
831	16026	16989	16513	16507
832	16031	16996	16521	16514
833	16039	17005	16528	16521
834	16045	17014	16534	16528
835	16053	17024	16541	16535
836	16059	17031	16548	16542
837	16065	17037	16555	16549
838	16070	17042	16562	16556
839	16074	17051	16569	16563
840	16077	17059	16575	16570
841	16084	17064	16582	16576
842	16090	17071	16589	16582
843	16098	17079	16595	16588
844	16102	17088	16602	16595
845	16108	17092	16608	16601
846	16112	17096	16613	16607
847	16114	17104	16619	16613
848	16119	17113	16625	16619
849	16126	17120	16632	16626
850	16130	17124	16638	16632
851	16137	17130	16643	16638
852	16143	17138	16650	16644
853	16150	17141	16656	16650
854	16154	17145	16662	16656
855	16159	17149	16670	16662
856	16166	17158	16676	16668
857	16170	17167	16682	16674
858	16176	17175	16688	16680
859	16181	17183	16694	16686
860	16183	17189	16700	16692
861	16192	17194	16706	16698
862	16198	17202	16712	16704
863	16204	17209	16718	16711
864	16211	17215	16725	16717
865	16217	17219	16731	16723
866	16221	17226	16738	16729
867	16225	17233	16744	16735
868	16230	17242	16751	16741
869	16231	17248	16756	16748
870	16237	17260	16761	16754
871	16243	17263	16767	16760
872	16249	17271	16774	16766
873	16255	17277	16780	16772
874	16262	17281	16786	16778
875	16270	17287	16792	16784
876	16275	17292	16798	16791
877	16279	17300	16804	16797
878	16283	17306	16811	16803
879	16290	17308	16818	16809
880	16295	17316	16824	16815
881	16301	17322	16830	16821
882	16307	17328	16835	16827
883	16312	17334	16841	16833
884	16319	17339	16847	16839
885	16326	17346	16854	16845
886	16333	17352	16859	16851
887	16339	17360	16865	16857
888	16343	17366	16871	16863
889	16349	17374	16877	16869
890	16354	17378	16884	16875
891	16362	17387	16890	16882
892	16367	17395	16896	16888
893	16373	17401	16903	16894
894	16381	17409	16909	16900
895	16390	17415	16915	16906
896	16394	17422	16921	16912
897	16398	17430	16928	16918
898	16404	17438	16935	16925
899	16409	17447	16941	16931
900	16414	17452	16948	16937
901	16422	17460	16954	16943
902	16429	17464	16959	16948
903	16433	17469	16965	16954
904	16441	17474	16972	16960
905	16446	17479	16978	16966
906	16449	17486	16983	16972
907	16454	17494	16989	16978
908	16459	17498	16995	16983
909	16463	17503	17000	16989
910	16466	17507	17006	16995
911	16473	17512	17012	17001
912	16480	17519	17018	17006
913	16486	17525	17024	17012
914	16489	17532	17030	17018
915	16493	17537	17036	17023
916	16499	17547	17041	17029
917	16503	17555	17046	17035
918	16508	17562	17052	17041
919	16510	17568	17058	17046
920	16516	17577	17063	17052
921	16524	17582	17068	17058
922	16529	17590	17073	17063
923	16534	17597	17078	17069
924	16541	17601	17085	17075
925	16546	17607	17089	17081
926	16554	17614	17095	17086
927	16559	17620	17100	17092
928	16566	17626	17104	17098
929	16568	17632	17110	17104
930	16572	17638	17117	17109
931	16577	17646	17123	17115
932	16583	17652	17127	17121
933	16589	17658	17133	17127
934	16593	17664	17140	17132
935	16600	17668	17146	17138
936	16605	17676	17152	17144
937	16609	17682	17158	17150
938	16612	17688	17163	17156
939	16615	17696	17170	17161
940	16619	17702	17174	17167
941	16626	17706	17180	17173
942	16633	17715	17186	17179
943	16635	17721	17191	17185
944	16639	17728	17197	17190
945	16644	17734	17203	17196
946	16651	17742	17209	17202
947	16656	17750	17214	17208
948	16661	17754	17220	17214
949	16665	17763	17225	17219
950	16670	17772	17231	17225
951	16676	17776	17237	17231
952	16681	17781	17242	17237
953	16685	17786	17248	17242
954	16690	17791	17254	17248
955	16694	17798	17259	17254
956	16699	17805	17265	17260
957	16706	17812	17271	17265
958	16711	17822	17276	17271
959	16717	17829	17281	17277
960	16721	17839	17287	17283
961	16727	17847	17292	17289
962	16732	17849	17298	17294
963	16737	17853	17304	17300
964	16741	17859	17310	17306
965	16747	17864	17316	17312
966	16753	17869	17321	17318
967	16759	17873	17327	17323
968	16763	17881	17333	17329
969	16768	17888	17339	17335
970	16773	17893	17346	17341
971	16778	17900	17351	17347
972	16780	17907	17357	17353
973	16783	17913	17362	17358
974	16787	17919	17368	17364
975	16793	17929	17374	17370
976	16800	17937	17380	17376
977	16805	17943	17385	17381
978	16807	17950	17391	17387
979	16812	17956	17397	17393
980	16816	17963	17403	17399
981	16822	17971	17408	17405
982	16827	17979	17414	17410
983	16835	17985	17420	17416
984	16841	17992	17426	17422
985	16849	17996	17431	17428
986	16855	18004	17437	17433
987	16861	18010	17443	17439
988	16864	18017	17448	17445
989	16868	18026	17454	17451
990	16874	18034	17459	17456
991	16879	18040	17465	17462
992	16885	18049	17471	17468
993	16888	18053	17476	17473
994	16894	18062	17481	17479
995	16899	18067	17486	17484
996	16903	18074	17492	17490
997	16910	18080	17499	17496
998	16914	18086	17504	17501
999	16920	18093	17509	17507
1000	16926	18098	17515	17513
1001	16932	18105	17521	17519
1002	16938	18112	17527	17524
1003	16943	18117	17533	17530
1004	16947	18123	17539	17536
1005	16952	18129	17545	17542
1006	16958	18137	17550	17548
1007	16966	18147	17557	17553
1008	16971	18153	17563	17559
1009	16977	18160	17569	17565
1010	16980	18166	17575	17571
1011	16986	18171	17580	17576
1012	16995	18177	17586	17582
1013	16998	18181	17591	17588
1014	17003	18188	17597	17594
1015	17008	18193	17602	17599
1016	17013	18202	17608	17605
1017	17016	18211	17613	17611
1018	17023	18219	17619	17617
1019	17027	18224	17624	17622
1020	17030	18232	17629	17628
1021	17036	18240	17634	17634
1022	17044	18245	17640	17639
1023	17049	18250	17646	17645
1024	17052	18255	17652	17651
1025	17058	18261	17657	17657
1026	17065	18268	17664	17662
1027	17070	18275	17671	17668
1028	17075	18281	17677	17674
1029	17079	18287	17682	17680
1030	17087	18292	17687	17686
1031	17092	18301	17693	17691
1032	17094	18309	17699	17697
1033	17100	18317	17704	17703
1034	17103	18323	17710	17709
1035	17109	18329	17716	17714
1036	17115	18334	17721	17720
1037	17119	18340	17727	17726
1038	17122	18347	17732	17732
1039	17126	18356	17738	17737
1040	17130	18365	17743	17743
1041	17134	18369	17748	17749
1042	17144	18375	17753	17754
1043	17149	18384	17758	17760
1044	17155	18389	17764	17766
1045	17163	18400	17770	17772
1046	17168	18407	17775	17777
1047	17171	18414	17781	17783
1048	17176	18420	17786	17789
1049	17182	18427	17792	17794
1050	17187	18440	17797	17800
1051	17195	18444	17803	17806
1052	17199	18451	17808	17811
1053	17207	18459	17816	17817
1054	17214	18464	17821	17823
1055	17218	18469	17827	17829
1056	17222	18474	17833	17834
1057	17225	18479	17839	17840
1058	17231	18485	17845	17846
1059	17235	18492	17852	17851
1060	17238	18498	17858	17857
1061	17242	18502	17863	17863
1062	17247	18506	17869	17869
1063	17251	18512	17874	17875
1064	17258	18515	17879	17881
1065	17265	18521	17884	17886
1066	17271	18527	17890	17892
1067	17277	18534	17895	17898
1068	17282	18538	17901	17904
1069	17291	18546	17907	17910
1070	17296	18554	17912	17916
1071	17302	18558	17918	17922
1072	17305	18564	17924	17928
1073	17311	18572	17930	17934
1074	17315	18578	17938	17939
1075	17319	18583	17944	17945
1076	17322	18589	17949	17951
1077	17327	18596	17955	17957
1078	17337	18603	17960	17963
1079	17341	18610	17966	17969
1080	17345	18616	17973	17975
1081	17348	18621	17980	17981
1082	17354	18628	17986	17988
1083	17357	18635	17992	17994
1084	17365	18646	17999	18000
1085	17371	18652	18005	18006
1086	17376	18661	18011	18012
1087	17378	18669	18019	18019
1088	17385	18674	18024	18025
1089	17391	18680	18031	18031
1090	17398	18686	18036	18037
1091	17402	18696	18043	18044
1092	17408	18702	18048	18050
1093	17411	18708	18055	18057
1094	17414	18722	18061	18063
1095	17422	18730	18067	18070
1096	17429	18740	18074	18076
1097	17434	18750	18080	18083
1098	17441	18761	18086	18089
1099	17448	18772	18093	18096
1100	17452	18780	18100	18102
1101	17459	18787	18106	18109
1102	17463	18791	18112	18115
1103	17466	18799	18119	18122
1104	17468	18804	18124	18128
1105	17475	18810	18129	18134
1106	17481	18816	18136	18141
1107	17487	18822	18142	18147
1108	17493	18828	18148	18153
1109	17500	18835	18155	18160
1110	17506	18847	18160	18166
1111	17512	18854	18167	18173
1112	17518	18859	18174	18179
1113	17523	18867	18181	18186
1114	17526	18872	18189	18192
1115	17532	18878	18194	18199
1116	17541	18884	18201	18205
1117	17547	18891	18206	18212
1118	17553	18899	18212	18218
1119	17558	18907	18219	18224
1120	17563	18917	18225	18231
1121	17569	18925	18231	18237
1122	17573	18936	18237	18244
1123	17581	18939	18243	18250
1124	17587	18946	18248	18257
1125	17593	18951	18254	18263
1126	17599	18957	18262	18270
1127	17604	18966	18268	18276
1128	17611	18971	18273	18283
1129	17620	18979	18280	18289
1130	17627	18985	18287	18296
1131	17633	18991	18293	18302
1132	17638	18994	18299	18308
1133	17644	19000	18306	18315
1134	17651	19006	18313	18321
1135	17656	19012	18319	18328
1136	17661	19018	18326	18334
1137	17665	19027	18332	18341
1138	17672	19033	18337	18347
1139	17679	19042	18344	18353
1140	17683	19047	18349	18360
1141	17687	19053	18355	18366
1142	17691	19059	18361	18373
1143	17697	19068	18369	18379
1144	17702	19077	18375	18385
1145	17706	19085	18382	18392
1146	17710	19097	18387	18398
1147	17719	19107	18395	18404
1148	17725	19116	18401	18411
1149	17730	19124	18406	18417
1150	17735	19131	18412	18423
1151	17740	19135	18418	18430
1152	17746	19141	18425	18436
1153	17753	19149	18431	18443
1154	17758	19153	18438	18449
1155	17766	19155	18445	18456
1156	17772	19161	18450	18462
1157	17777	19168	18457	18469
1158	17787	19174	18463	18475
1159	17791	19178	18469	18482
1160	17797	19186	18474	18488
1161	17807	19191	18479	18494
1162	17814	19198	18486	18501
1163	17821	19206	18492	18507
1164	17827	19214	18497	18514
1165	17834	19219	18503	18520
1166	17842	19224	18510	18526
1167	17846	19236	18516	18533
1168	17852	19241	18522	18539
1169	17856	19248	18529	18545
1170	17864	19254	18535	18552
1171	17869	19261	18541	18558
1172	17875	19266	18546	18564
1173	17884	19272	18552	18571
1174	17890	19282	18559	18577
1175	17893	19291	18565	18583
1176	17900	19301	18571	18589
1177	17904	19308	18577	18596
1178	17906	19321	18584	18602
1179	17910	19329	18590	18608
1180	17915	19340	18595	18615
1181	17922	19346	18600	18621
1182	17928	19352	18605	18627
1183	17932	19357	18612	18634
1184	17942	19361	18618	18640
1185	17949	19366	18624	18647
1186	17954	19374	18631	18653
1187	17962	19383	18637	18659
1188	17970	19390	18644	18666
1189	17974	19401	18651	18672
1190	17978	19408	18659	18678
1191	17983	19414	18664	18685
1192	17989	19422	18670	18692
1193	17995	19429	18676	18699
1194	18000	19436	18682	18705
1195	18005	19441	18688	18712
1196	18010	19446	18695	18719
1197	18016	19453	18701	18725
1198	18020	19459	18709	18732
1199	18025	19465	18715	18739
1200	18033	19474	18722	18746
1201	18041	19481	18729	18753
1202	18049	19487	18737	18760
1203	18054	19492	18745	18768
1204	18059	19499	18752	18775
1205	18066	19507	18759	18782
1206	18071	19512	18766	18789
1207	18078	19523	18775	18797
1208	18082	19533	18782	18804
1209	18085	19540	18790	18811
1210	18091	19548	18797	18819
1211	18097	19554	18804	18826
1212	18106	19559	18811	18833
1213	18113	19566	18818	18840
1214	18120	19574	18826	18847
1215	18126	19581	18834	18854
1216	18130	19591	18840	18861
1217	18138	19602	18846	18868
1218	18140	19613	18854	18875
1219	18144	19624	18862	18882
1220	18146	19631	18869	18889
1221	18151	19639	18876	18896
1222	18160	19643	18884	18904
1223	18165	19654	18891	18911
1224	18171	19662	18898	18918
1225	18178	19668	18905	18925
1226	18184	19675	18912	18933
1227	18188	19680	18920	18940
1228	18194	19692	18927	18947
1229	18200	19701	18935	18954
1230	18204	19710	18942	18961
1231	18213	19716	18949	18969
1232	18221	19724	18956	18976
1233	18225	19733	18963	18983
1234	18234	19741	18971	18991
1235	18240	19750	18980	18998
1236	18246	19758	18987	19005
1237	18252	19765	18994	19013
1238	18256	19775	19001	19020
1239	18261	19785	19008	19027
1240	18264	19796	19016	19035
1241	18274	19801	19023	19042
1242	18285	19810	19031	19049
1243	18290	19817	19039	19056
1244	18297	19827	19046	19063
1245	18306	19836	19053	19071
1246	18311	19840	19060	19078
1247	18314	19850	19068	19085
1248	18317	19856	19074	19092
1249	18324	19869	19081	19099
1250	18329	19875	19088	19106
1251	18337	19883	19095	19114
1252	18344	19891	19103	19121
1253	18346	19898	19111	19128
1254	18351	19906	19119	19136
1255	18355	19914	19127	19143
1256	18365	19924	19134	19151
1257	18372	19935	19141	19158
1258	18380	19947	19148	19166
1259	18385	19955	19155	19173
1260	18391	19963	19162	19180
1261	18398	19968	19171	19188
1262	18402	19974	19177	19195
1263	18406	19980	19185	19202
1264	18413	19985	19192	19210
1265	18419	19993	19199	19217
1266	18422	20001	19207	19224
1267	18428	20008	19214	19231
1268	18431	20014	19223	19239
1269	18435	20022	19229	19246
1270	18440	20027	19237	19253
1271	18446	20034	19244	19261
1272	18452	20045	19252	19268
1273	18459	20053	19258	19275
1274	18462	20059	19265	19283
1275	18470	20062	19272	19290
1276	18480	20071	19280	19297
1277	18485	20081	19288	19305
1278	18490	20091	19296	19312
1279	18495	20104	19303	19319
1280	18500	20110	19311	19327
1281	18505	20117	19318	19334
1282	18512	20120	19325	19341
1283	18517	20125	19332	19349
1284	18526	20128	19338	19356
1285	18530	20136	19347	19363
1286	18536	20144	19355	19371
1287	18541	20154	19362	19378
1288	18547	20161	19370	19385
1289	18553	20170	19376	19393
1290	18559	20178	19384	19400
1291	18566	20185	19392	19407
1292	18569	20192	19397	19415
1293	18575	20203	19406	19422
1294	18581	20211	19413	19429
1295	18583	20216	19419	19437
1296	18589	20223	19425	19444
1297	18596	20232	19432	19451
1298	18600	20239	19439	19459
1299	18605	20245	19446	19466
1300	18611	20254	19455	19473
1301	18616	20264	19462	19481
1302	18620	20272	19469	19488
1303	18625	20281	19476	19496
1304	18630	20292	19483	19503
1305	18636	20298	19491	19510
1306	18643	20304	19497	19518
1307	18649	20311	19505	19525
1308	18655	20317	19512	19532
1309	18660	20322	19519	19540
1310	18665	20333	19526	19547
1311	18671	20337	19534	19555
1312	18681	20344	19542	19563
1313	18689	20353	19550	19570
1314	18699	20364	19557	19578
1315	18708	20376	19566	19586
1316	18717	20384	19575	19594
1317	18724	20395	19583	19601
1318	18731	20407	19592	19609
1319	18735	20419	19600	19617
1320	18742	20429	19609	19625
1321	18750	20435	19616	19633
1322	18759	20442	19625	19642
1323	18770	20447	19633	19650
1324	18786	20457	19641	19659
1325	18794	20467	19649	19668
1326	18803	20474	19657	19676
1327	18810	20486	19666	19685
1328	18820	20497	19676	19693
1329	18835	20505	19685	19702
1330	18841	20516	19695	19711
1331	18853	20522	19704	19719
1332	18863	20528	19712	19728
1333	18874	20535	19721	19737
1334	18882	20541	19729	19745
1335	18889	20547	19740	19754
1336	18902	20555	19748	19763
1337	18909	20566	19758	19771
1338	18915	20573	19767	19780
1339	18927	20580	19777	19789
1340	18936	20585	19787	19797
1341	18949	20593	19796	19806
1342	18964	20601	19804	19815
1343	18970	20613	19812	19824
1344	18977	20624	19819	19833
1345	18988	20632	19829	19842
1346	19000	20643	19838	19850
1347	19011	20653	19846	19859
1348	19019	20664	19855	19868
1349	19026	20677	19864	19877
1350	19035	20687	19874	19886
1351	19050	20696	19882	19894
1352	19059	20705	19891	19903
1353	19071	20713	19899	19912
1354	19081	20723	19908	19920
1355	19091	20735	19917	19929
1356	19100	20744	19928	19937
1357	19111	20755	19936	19946
1358	19121	20768	19944	19954
1359	19130	20783	19952	19963
1360	19140	20793	19962	19971
1361	19145	20801	19970	19980
1362	19155	20808	19979	19988
1363	19161	20814	19987	19997
1364	19167	20822	19996	20005
1365	19175	20832	20003	20014
1366	19187	20840	20012	20022
1367	19195	20852	20020	20031
1368	19204	20861	20029	20040
1369	19214	20871	20038	20048
1370	19224	20886	20048	20057
1371	19231	20892	20055	20065
1372	19243	20900	20064	20074
1373	19255	20905	20074	20082
1374	19263	20914	20082	20090
1375	19272	20917	20090	20099
1376	19279	20922	20099	20107
1377	19288	20933	20108	20116
1378	19297	20942	20117	20124
1379	19304	20951	20125	20133
1380	19313	20962	20134	20141
1381	19322	20972	20143	20150
1382	19333	20981	20150	20158
1383	19347	20987	20159	20167
1384	19355	20992	20167	20175
1385	19365	21005	20176	20184
1386	19377	21010	20185	20192
1387	19389	21016	20194	20201
1388	19399	21025	20204	20209
1389	19405	21037	20212	20218
1390	19413	21047	20221	20226
1391	19420	21057	20230	20235
1392	19428	21065	20238	20244
1393	19433	21072	20246	20252
1394	19439	21082	20253	20261
1395	19445	21094	20262	20269
1396	19455	21106	20270	20278
1397	19467	21116	20278	20287
1398	19476	21123	20287	20295
1399	19484	21137	20296	20304
1400	19489	21152	20304	20313
1401	19495	21160	20313	20321
1402	19506	21166	20323	20330
1403	19515	21171	20331	20338
1404	19522	21182	20339	20347
1405	19535	21196	20347	20355
1406	19544	21203	20355	20364
1407	19553	21217	20365	20372
1408	19557	21226	20374	20381
1409	19567	21239	20382	20389
1410	19576	21248	20391	20398
1411	19584	21256	20398	20406
1412	19594	21261	20407	20415
1413	19606	21267	20416	20424
1414	19617	21275	20426	20432
1415	19626	21285	20434	20441
1416	19635	21292	20441	20449
1417	19644	21301	20450	20458
1418	19650	21311	20458	20466
1419	19655	21318	20467	20475
1420	19663	21331	20476	20483
1421	19676	21340	20485	20492
1422	19686	21346	20495	20501
1423	19698	21354	20503	20510
1424	19703	21366	20512	20518
1425	19713	21372	20521	20527
1426	19717	21383	20528	20536
1427	19730	21392	20537	20544
1428	19745	21402	20545	20553
1429	19753	21411	20554	20562
1430	19756	21421	20561	20571
1431	19765	21430	20571	20579
1432	19774	21438	20579	20588
1433	19780	21444	20589	20597
1434	19790	21455	20598	20606
1435	19799	21463	20608	20615
1436	19807	21468	20616	20624
1437	19815	21480	20626	20633
1438	19825	21488	20635	20642
1439	19836	21498	20643	20651
1440	19848	21509	20651	20660
1441	19850	21516	20662	20669
1442	19855	21527	20672	20678
1443	19860	21535	20681	20688
1444	19870	21545	20689	20697
1445	19874	21554	20700	20707
1446	19880	21565	20710	20716
1447	19887	21576	20720	20725
1448	19901	21589	20730	20735
1449	19909	21601	20739	20744
1450	19918	21614	20749	20754
1451	19925	21624	20759	20763
1452	19930	21629	20767	20772
1453	19937	21633	20775	20781
1454	19945	21643	20783	20790
1455	19956	21654	20793	20800
1456	19967	21665	20801	20809
1457	19980	21673	20811	20818
1458	19993	21686	20821	20827
1459	20003	21700	20831	20836
1460	20013	21711	20840	20846
1461	20023	21719	20849	20855
1462	20035	21730	20860	20864
1463	20041	21743	20869	20874
1464	20050	21754	20877	20883
1465	20062	21765	20885	20892
1466	20066	21776	20895	20902
1467	20077	21786	20906	20911
1468	20086	21799	20915	20921
1469	20091	21810	20925	20930
1470	20099	21822	20935	20939
1471	20112	21829	20945	20949
1472	20124	21837	20954	20958
1473	20135	21849	20964	20967
1474	20144	21864	20974	20977
1475	20149	21872	20983	20986
1476	20159	21882	20993	20995
1477	20169	21890	21002	21005
1478	20176	21898	21012	21014
1479	20184	21910	21021	21024
1480	20195	21918	21030	21033
1481	20204	21927	21040	21042
1482	20213	21937	21049	21052
1483	20222	21945	21059	21061
1484	20231	21953	21067	21070
1485	20241	21962	21077	21079
1486	20247	21976	21087	21089
1487	20257	21980	21096	21098
1488	20265	21991	21105	21107
1489	20275	21997	21113	21117
1490	20284	22011	21124	21126
1491	20297	22015	21133	21136
1492	20312	22022	21144	21145
1493	20319	22032	21154	21155
1494	20326	22042	21164	21165
1495	20329	22050	21172	21174
1496	20343	22062	21182	21184
1497	20352	22069	21191	21193
1498	20362	22075	21203	21203
1499	20366	22082	21213	21213
1500	20374	22091	21222	21222
1501	20379	22099	21232	21231
1502	20388	22110	21240	21241
1503	20398	22121	21251	21250
1504	20411	22132	21261	21259
1505	20418	22137	21270	21268
1506	20430	22148	21279	21278
1507	20441	22157	21289	21287
1508	20452	22168	21297	21296
1509	20461	22178	21306	21305
1510	20469	22190	21317	21315
1511	20478	22201	21326	21324
1512	20493	22207	21335	21333
1513	20504	22215	21345	21343
1514	20516	22223	21354	21352
1515	20528	22235	21364	21361
1516	20536	22242	21374	21371
1517	20543	22251	21385	21380
1518	20550	22269	21394	21389
1519	20557	22282	21403	21398
1520	20566	22291	21413	21408
1521	20578	22299	21422	21417
1522	20585	22307	21431	21426
1523	20594	22319	21440	21436
1524	20606	22331	21449	21445
1525	20618	22351	21459	21455
1526	20621	22363	21469	21464
1527	20636	22370	21477	21473
1528	20640	22377	21486	21483
1529	20649	22383	21494	21492
1530	20655	22392	21503	21501
1531	20665	22399	21512	21511
1532	20674	22404	21522	21520
1533	20681	22408	21531	21529
1534	20690	22415	21538	21538
1535	20700	22428	21548	21548
1536	20708	22435	21557	21557
1537	20719	22449	21567	21566
1538	20729	22464	21577	21575
1539	20738	22475	21585	21584
1540	20745	22486	21594	21594
1541	20759	22496	21603	21603
1542	20770	22507	21612	21612
1543	20781	22515	21621	21621
1544	20789	22523	21631	21631
1545	20799	22535	21641	21640
1546	20811	22543	21651	21649
1547	20818	22549	21659	21659
1548	20823	22558	21669	21668
1549	20828	22570	21680	21677
1550	20834	22582	21689	21686
1551	20845	22591	21698	21696
1552	20857	22599	21708	21706
1553	20868	22607	21719	21716
1554	20879	22618	21729	21726
1555	20887	22629	21739	21735
1556	20890	22636	21748	21745
1557	20902	22647	21758	21755
1558	20908	22650	21767	21765
1559	20915	22661	21776	21774
1560	20926	22672	21787	21784
1561	20935	22678	21796	21795
1562	20944	22686	21806	21805
1563	20952	22699	21817	21816
1564	20962	22712	21829	21826
1565	20970	22722	21839	21837
1566	20976	22735	21850	21847
1567	20986	22749	21861	21857
1568	20991	22758	21873	21868
1569	21005	22772	21885	21878
1570	21015	22786	21894	21889
1571	21023	22791	21904	21899
1572	21035	22802	21915	21910
1573	21048	22814	21925	21920
1574	21057	22822	21937	21931
1575	21066	22834	21946	21941
1576	21077	22848	21955	21952
1577	21085	22860	21965	21962
1578	21096	22868	21974	21973
1579	21107	22881	21983	21983
1580	21117	22893	21992	21994
1581	21125	22901	22001	22004
1582	21134	22913	22013	22015
1583	21146	22923	22025	22025
1584	21153	22938	22034	22035
1585	21165	22948	22044	22046
1586	21174	22958	22053	22056
1587	21183	22965	22064	22066
1588	21191	22984	22075	22077
1589	21199	22993	22087	22087
1590	21207	23006	22096	22097
1591	21212	23012	22105	22108
1592	21225	23017	22115	22118
1593	21243	23030	22126	22128
1594	21248	23036	22135	22139
1595	21256	23044	22144	22149
1596	21270	23055	22153	22159
1597	21277	23066	22164	22170
1598	21287	23072	22174	22180
1599	21296	23086	22185	22190
1600	21301	23098	22195	22201
1601	21318	23107	22206	22211
1602	21329	23117	22215	22221
1603	21341	23127	22225	22231
1604	21353	23140	22235	22242
1605	21364	23155	22244	22252
1606	21375	23168	22255	22262
1607	21384	23181	22264	22272
1608	21394	23196	22274	22282
1609	21402	23214	22284	22293
1610	21410	23224	22294	22303
1611	21419	23231	22303	22313
1612	21427	23241	22314	22324
1613	21441	23248	22324	22334
1614	21450	23261	22335	22344
1615	21462	23268	22346	22355
1616	21472	23275	22358	22365
1617	21483	23281	22369	22375
1618	21492	23293	22379	22386
1619	21498	23305	22390	22396
1620	21507	23316	22399	22406
1621	21515	23321	22409	22417
1622	21523	23331	22421	22427
1623	21534	23345	22431	22437
1624	21543	23359	22442	22448
1625	21553	23374	22453	22458
1626	21563	23391	22462	22469
1627	21574	23403	22474	22479
1628	21582	23414	22485	22490
1629	21600	23425	22498	22500
1630	21610	23438	22508	22510
1631	21622	23448	22518	22521
1632	21634	23457	22529	22531
1633	21643	23464	22538	22541
1634	21657	23475	22548	22551
1635	21666	23488	22558	22561
1636	21671	23493	22566	22571
1637	21682	23509	22576	22582
1638	21689	23520	22587	22592
1639	21700	23531	22597	22602
1640	21712	23543	22606	22612
1641	21722	23554	22615	22622
1642	21736	23564	22626	22632
1643	21744	23578	22637	22642
1644	21755	23585	22647	22653
1645	21770	23594	22659	22663
1646	21783	23603	22667	22673
1647	21791	23614	22677	22683
1648	21797	23623	22687	22693
1649	21807	23636	22695	22703
1650	21812	23649	22705	22713
1651	21820	23659	22714	22724
1652	21833	23670	22727	22734
1653	21842	23678	22737	22744
1654	21848	23696	22748	22755
1655	21858	23707	22756	22765
1656	21870	23717	22768	22776
1657	21880	23729	22777	22786
1658	21890	23744	22787	22796
1659	21897	23753	22797	22807
1660	21909	23772	22807	22817
1661	21921	23783	22817	22828
1662	21932	23789	22828	22838
1663	21945	23797	22839	22849
1664	21956	23807	22849	22859
1665	21967	23817	22860	22869
1666	21973	23829	22869	22880
1667	21979	23842	22879	22890
1668	21990	23857	22890	22901
1669	22000	23871	22901	22911
1670	22009	23879	22912	22922
1671	22019	23886	22923	22932
1672	22034	23898	22934	22943
1673	22047	23906	22947	22953
1674	22060	23916	22958	22963
1675	22070	23925	22969	22974
